[gd_scene load_steps=19 format=2]

[ext_resource path="res://scripts/Main.gd" type="Script" id=1]
[ext_resource path="res://models/treePineSnowRound.obj" type="ArrayMesh" id=2]
[ext_resource path="res://models/treePineSnow.obj" type="ArrayMesh" id=3]
[ext_resource path="res://models/treeDecorated.obj" type="ArrayMesh" id=4]
[ext_resource path="res://models/treePine.obj" type="ArrayMesh" id=5]
[ext_resource path="res://models/snowFort.obj" type="ArrayMesh" id=6]
[ext_resource path="res://models/rockFormationMedium.obj" type="ArrayMesh" id=7]
[ext_resource path="res://models/rockFormationLarge.obj" type="ArrayMesh" id=8]
[ext_resource path="res://models/rockFormationSmall.obj" type="ArrayMesh" id=9]
[ext_resource path="res://models/sled.obj" type="ArrayMesh" id=10]
[ext_resource path="res://models/presentGreen.obj" type="ArrayMesh" id=11]
[ext_resource path="res://models/presentGreenLow.obj" type="ArrayMesh" id=12]
[ext_resource path="res://models/present.obj" type="ArrayMesh" id=13]
[ext_resource path="res://models/presentGreenRound.obj" type="ArrayMesh" id=14]
[ext_resource path="res://default_env.tres" type="Environment" id=15]
[ext_resource path="res://sounds/wintery loop.mp3" type="AudioStream" id=16]

[sub_resource type="BoxShape" id=1]
extents = Vector3( 30, 1, 30 )

[sub_resource type="CubeMesh" id=2]
size = Vector3( 60, 2, 60 )

[node name="Main" type="Spatial"]
script = ExtResource( 1 )

[node name="Ground" type="StaticBody" parent="."]
transform = Transform( 1, 0, 0, 0, 1, 0, 0, 0, 1, 0, -1, 0 )
collision_layer = 3
collision_mask = 3

[node name="CollisionShape" type="CollisionShape" parent="Ground"]
shape = SubResource( 1 )

[node name="MeshInstance" type="MeshInstance" parent="Ground"]
transform = Transform( 0.999998, 0.00190241, 0, -0.00190241, 0.999998, 0, 0, 0, 1, 0.00983572, -0.0662007, -20.2762 )
layers = 3
mesh = SubResource( 2 )
material/0 = null

[node name="Camera" type="Camera" parent="."]
transform = Transform( 1, 0, 0, 0, 0.971446, 0.237262, 0, -0.237262, 0.971446, 0, 0.897358, 4.63682 )
environment = ExtResource( 15 )

[node name="Props" type="Node" parent="."]

[node name="Trees" type="Node" parent="Props"]

[node name="treeDecorated" type="MeshInstance" parent="Props/Trees"]
transform = Transform( 0.904355, 0.00172046, 0.862925, -0.00237801, 1.25, 1.39851e-10, -0.862923, -0.00164164, 0.904357, -2.91652, -0.0645622, 1.35179 )
mesh = ExtResource( 4 )
material/0 = null
material/1 = null
material/2 = null
material/3 = null
material/4 = null

[node name="treeDecorated2" type="MeshInstance" parent="Props/Trees"]
transform = Transform( 1.22851, 0.00233713, -0.671391, -0.00266337, 1.4, -8.57222e-11, 0.67139, 0.00127726, 1.22851, 1.6163, -0.0645622, -1.01792 )
mesh = ExtResource( 4 )
material/0 = null
material/1 = null
material/2 = null
material/3 = null
material/4 = null

[node name="treePineSnowRound" type="MeshInstance" parent="Props/Trees"]
transform = Transform( 0.909497, 0, -0.415709, 0, 1, 0, 0.415709, 0, 0.909497, -1.36683, 0, -0.361566 )
mesh = ExtResource( 2 )
material/0 = null
material/1 = null
material/2 = null

[node name="treePineSnowRound3" type="MeshInstance" parent="Props/Trees"]
transform = Transform( 0.909497, 0, -0.415709, 0, 1, 0, 0.415709, 0, 0.909497, 2.24874, 0, 0 )
mesh = ExtResource( 2 )
material/0 = null
material/1 = null
material/2 = null

[node name="treePineSnowRound4" type="MeshInstance" parent="Props/Trees"]
transform = Transform( 0.909497, 0, -0.415709, 0, 1, 0, 0.415709, 0, 0.909497, 3.26301, 0, 1.7159 )
mesh = ExtResource( 2 )
material/0 = null
material/1 = null
material/2 = null

[node name="treePineSnowRound2" type="MeshInstance" parent="Props/Trees"]
transform = Transform( 1.5, 0, 0, 0, 1.5, 0, 0, 0, 1.5, 0, 0, -0.885986 )
mesh = ExtResource( 2 )
material/0 = null
material/1 = null
material/2 = null

[node name="treePineSnow" type="MeshInstance" parent="Props/Trees"]
transform = Transform( 1.1, 0, 0, 0, 1.1, 0, 0, 0, 1.1, 1, 0, -0.274118 )
mesh = ExtResource( 3 )
material/0 = null
material/1 = null
material/2 = null

[node name="treePineSnow3" type="MeshInstance" parent="Props/Trees"]
transform = Transform( 1, 0, 0, 0, 1, 0, 0, 0, 1, -2.42564, 0, 2.50158 )
mesh = ExtResource( 3 )
material/0 = null
material/1 = null
material/2 = null

[node name="treePine" type="MeshInstance" parent="Props/Trees"]
transform = Transform( 0.999998, 0.00190241, 0, -0.00190241, 0.999998, 0, 0, 0, 1, 2.16318, -0.0696766, 0.842652 )
mesh = ExtResource( 5 )
material/0 = null
material/1 = null

[node name="treePine6" type="MeshInstance" parent="Props/Trees"]
transform = Transform( 0.999998, 0.00190241, 0, -0.00190241, 0.999998, 0, 0, 0, 1, 1.73807, -0.0696766, 0.0366964 )
mesh = ExtResource( 5 )
material/0 = null
material/1 = null

[node name="treePine2" type="MeshInstance" parent="Props/Trees"]
transform = Transform( 1.0066, 0.00191496, -0.653268, -0.00228289, 1.2, 6.98491e-11, 0.653267, 0.00124278, 1.0066, -0.824608, -0.0696766, -0.804707 )
mesh = ExtResource( 5 )
material/0 = null
material/1 = null

[node name="treePine5" type="MeshInstance" parent="Props/Trees"]
transform = Transform( 1.67766, 0.00223412, -1.08878, -0.00380482, 1.4, -2.41785e-10, 1.08878, 0.00144991, 1.67766, -2.39282, -0.0696766, -0.832152 )
mesh = ExtResource( 5 )
material/0 = null
material/1 = null

[node name="treePine3" type="MeshInstance" parent="Props/Trees"]
transform = Transform( 0.83883, 0.0015958, -0.54439, -0.00190241, 0.999998, 0, 0.544389, 0.00103565, 0.838832, 0.625348, -0.0696766, -1.58917 )
mesh = ExtResource( 5 )
material/0 = null
material/1 = null

[node name="treePine4" type="MeshInstance" parent="Props/Trees"]
transform = Transform( 0.83883, 0.0015958, -0.54439, -0.00190241, 0.999998, 0, 0.544389, 0.00103565, 0.838832, -3.21579, -0.0696766, 0.144389 )
mesh = ExtResource( 5 )
material/0 = null
material/1 = null

[node name="Rocks" type="Node" parent="Props"]

[node name="snowFort" type="MeshInstance" parent="Props/Rocks"]
transform = Transform( 0.945375, 0.00179849, -0.325981, -0.00190241, 0.999998, 0, 0.32598, 0.000620149, 0.945376, 2.4164, -0.175881, 1.88719 )
mesh = ExtResource( 6 )
material/0 = null
material/1 = null

[node name="rockFormationLarge" type="MeshInstance" parent="Props/Rocks"]
transform = Transform( 0.846035, 0, -0.533127, 0, 1, 0, 0.533127, 0, 0.846035, 3.18235, -0.0591495, 0.51178 )
mesh = ExtResource( 8 )
material/0 = null
material/1 = null

[node name="rockFormationMedium" type="MeshInstance" parent="Props/Rocks"]
transform = Transform( 0.846035, 0, -0.533127, 0, 1, 0, 0.533127, 0, 0.846035, -3.436, -0.0632774, -1.06191 )
mesh = ExtResource( 7 )
material/0 = null
material/1 = null

[node name="rockFormationSmall" type="MeshInstance" parent="Props/Rocks"]
transform = Transform( 0.846035, 0, -0.533127, 0, 1, 0, 0.533127, 0, 0.846035, 3.54409, -0.0699942, 0.698983 )
mesh = ExtResource( 9 )
material/0 = null
material/1 = null

[node name="Items" type="Node" parent="Props"]

[node name="sled" type="MeshInstance" parent="Props/Items"]
transform = Transform( 0.846035, 0, -0.533127, 0, 1, 0, 0.533127, 0, 0.846035, -1.60036, 0, 2.21295 )
mesh = ExtResource( 10 )
material/0 = null

[node name="present" type="MeshInstance" parent="Props/Items"]
transform = Transform( 1, 0, 0, 0, 1, 0, 0, 0, 1, -2.57223, -0.060933, 0.223516 )
mesh = ExtResource( 13 )
material/0 = null
material/1 = null
material/2 = null
material/3 = null

[node name="presentGreen" type="MeshInstance" parent="Props/Items"]
transform = Transform( 1, 0, 0, 0, 1, 0, 0, 0, 1, -1.99245, -0.0666327, 0.370577 )
mesh = ExtResource( 11 )
material/0 = null
material/1 = null
material/2 = null
material/3 = null

[node name="presentGreenLow" type="MeshInstance" parent="Props/Items"]
transform = Transform( 1, 0, 0, 0, 1, 0, 0, 0, 1, 1.77355, -0.0681495, 1.24025 )
mesh = ExtResource( 12 )
material/0 = null
material/1 = null
material/2 = null
material/3 = null

[node name="presentGreenRound" type="MeshInstance" parent="Props/Items"]
transform = Transform( 1, 0, 0, 0, 1, 0, 0, 0, 1, 0.268366, -0.0694298, -0.377568 )
mesh = ExtResource( 14 )
material/0 = null
material/1 = null
material/2 = null
material/3 = null

[node name="present2" type="MeshInstance" parent="Props/Items"]
transform = Transform( 1, 0, 0, 0, 1, 0, 0, 0, 1, 1.61242, -0.0674818, 0.707053 )
mesh = ExtResource( 13 )
material/0 = null
material/1 = null
material/2 = null
material/3 = null

[node name="BackgroundMusic" type="AudioStreamPlayer" parent="."]
stream = ExtResource( 16 )
volume_db = 1.0
autoplay = true
